SM:2026-05-28T02:44:44.0440818Z
LM:2026-06-25T00:39:45.1349166Z
CT:image/jpeg
MA:2592000
CL:22586
