SM:2026-05-28T02:44:44.0262076Z
LM:2026-05-28T02:44:55.5293638Z
CT:image/jpeg
MA:2592000
CL:22237
