SM:2026-05-28T02:44:44.0336919Z
LM:2026-06-29T07:49:02.2281664Z
CT:image/jpeg
MA:2592000
CL:6792
