SM:2026-05-28T02:44:44.0440818Z
LM:2026-05-28T02:44:55.8232310Z
CT:image/jpeg
MA:2592000
CL:21661
