SM:2026-05-28T02:44:44.0291306Z
LM:2026-05-28T02:44:55.7517027Z
CT:image/jpeg
MA:2592000
CL:38126
