SM:2026-05-28T02:44:44.0548718Z
LM:2026-06-25T00:39:53.1503373Z
CT:image/jpeg
MA:2592000
CL:19583
