SM:2026-05-28T02:44:44.0384747Z
LM:2026-05-28T02:44:55.8136503Z
CT:image/jpeg
MA:2592000
CL:30696
