SM:2026-05-28T02:44:44.0570281Z
LM:2026-06-25T08:18:32.1435962Z
CT:image/jpeg
MA:2592000
CL:18260
