SM:2026-05-28T02:44:43.9858886Z
LM:2026-06-29T07:49:02.2282357Z
CT:image/jpeg
MA:2592000
CL:21978
