SM:2026-05-28T02:44:44.0440818Z
LM:2026-06-29T07:49:02.2281387Z
CT:image/jpeg
MA:2592000
CL:5729
