SM:2026-05-28T02:44:43.9483286Z
LM:2026-05-28T02:44:55.5123300Z
CT:image/jpeg
MA:2592000
CL:8504
