SM:2026-05-28T02:44:44.0336919Z
LM:2026-05-28T02:44:55.7502156Z
CT:image/jpeg
MA:2592000
CL:23637
