SM:2026-05-28T02:44:43.9606355Z
LM:2026-06-29T07:49:02.2283495Z
CT:image/jpeg
MA:2592000
CL:24278
