SM:2026-05-28T02:44:44.0291306Z
LM:2026-05-28T02:44:55.5300477Z
CT:image/jpeg
MA:2592000
CL:36532
