SM:2026-05-28T02:44:44.0291306Z
LM:2026-06-25T00:39:52.8422364Z
CT:image/jpeg
MA:2592000
CL:36532
