SM:2026-05-28T02:44:44.0384747Z
LM:2026-06-25T00:39:45.1388314Z
CT:image/jpeg
MA:2592000
CL:32227
