SM:2026-05-28T02:44:44.0262076Z
LM:2026-06-29T07:49:02.2282557Z
CT:image/jpeg
MA:2592000
CL:6436
