SM:2026-05-28T02:44:43.9483286Z
LM:2026-06-25T02:56:07.3318514Z
CT:image/jpeg
MA:2592000
CL:8504
