SM:2026-05-28T02:44:43.9858886Z
LM:2026-06-25T00:39:53.1400668Z
CT:image/jpeg
MA:2592000
CL:12153
