SM:2026-05-28T02:44:44.0461943Z
LM:2026-05-28T02:44:55.7492913Z
CT:image/jpeg
MA:2592000
CL:39622
