SM:2026-05-28T02:44:44.0514742Z
LM:2026-06-25T02:56:07.4219552Z
CT:image/jpeg
MA:2592000
CL:13019
