SM:2026-05-28T02:44:44.0291306Z
LM:2026-06-25T00:39:44.5835246Z
CT:image/jpeg
MA:2592000
CL:38126
