SM:2026-05-28T02:44:44.0262076Z
LM:2026-06-25T02:56:07.0405624Z
CT:image/jpeg
MA:2592000
CL:23718
