SM:2026-05-28T02:44:44.0262076Z
LM:2026-05-28T02:44:55.7457901Z
CT:image/jpeg
MA:2592000
CL:23718
