SM:2026-05-28T02:44:43.9606355Z
LM:2026-06-25T00:39:52.8726605Z
CT:image/jpeg
MA:2592000
CL:13487
