SM:2026-05-28T02:44:43.9606355Z
LM:2026-06-25T08:18:32.3463427Z
CT:image/jpeg
MA:2592000
CL:13487
